586801098
603569203
726089580
746613988
776342374
1029541725
1039881407
1045447443
1238255053
1276004203
1547776661
1614259458
1645933554
1685347472
1705643413
1717586624
1767464115
1771309734
1785579777
1797501983
1806810150
1814464233
100000002339470
100000040608003
100000053463779
100000060628609
100000064655534
100000072060381
100000110566969
100000115602577
100000120158923
100000121499347
100000130768449
100000136335584
100000141665583
100000206420196
100000214690442
100000218552882
100000261019315
100000280646097
100000307844237
100000320952507
100000338485694
100000339568680
100000352090997
100000361098440
100000380314301
100000388462501
100000400349110
100000403852455
100000415164788
100000420057742
100000442311078
100000458325386
100000460584600
100000481802274
100000494701820
100000499803375
100000502062329
100000527055693
100000538682452
100000547873878
100000548493843
100000615328969
100000618304985
100000622337443
100000636459100
100000672209007
100000672962595
100000680849050
100000695303866
100000696348444
100000699295508
100000708313360
100000723186935
100000730617440
100000733424062
100000737405176
100000742501118
100000772527535
100000774521590
100000785158902
100000793777072
100000817683656
100000824709160
100000838083189
100000848608532
100000863788676
100000866774467
100000890194445
100000917790423
100000919638144
100000946344349
100000951992002
100000961299971
100000972106047
100000973494803
100001009130122
100001012349226
100001019273934
100001029999887
100001043602962
100001046507006
100001059297284
100001067926448
100001083248167
100001089606157
100001090861552
100001109822627
100001123106843
100001127546201
100001131103277
100001132588086
100001135822985
100001141148939
100001148045064
100001159261029
100001165737029
100001168852728
100001169526056
100001170714916
100001173086789
100001176109830
100001176325464
100001181179423
100001183981276
100001185058501
100001191619634
100001193678046
100001198872219
100001205256641
100001208769317
100001214141667
100001214261249
100001214638090
100001217301655
100001218070285
100001220598266
100001229174813
100001231026588
100001232522377
100001239937603
100001242834298
100001245373117
100001245562749
100001252586316
100001254781248
100001257097052
100001258105572
100001274327139
100001284499783
100001291367254
100001296006736
100001297557080
100001298953112
100001303796944
100001303830467
100001304872128
100001327542923
100001332211520
100001334243636
100001349120795
100001352235286
100001355010722
100001355460583
100001360273150
100001364825675
100001370495604
100001374212516
100001374258287
100001377422610
100001377876812
100001381647828
100001382987988
100001385031697
100001385373251
100001388318978
100001393344698
100001399853062
100001401468101
100001410970065
100001424286643
100001428448682
100001431327157
100001437643537
100001438129734
100001442364295
100001447236351
100001453134825
100001457802923
100001458638303
100001460354409
100001463377832
100001464968810
100001466544456
100001473990256
100001476223335
100001479982155
100001480425881
100001481810889
100001489924084
100001491129318
100001495720973
100001500113433
100001503614155
100001503761659
100001510450537
100001510506197
100001518545843
100001520803003
100001525812311
100001540059384
100001542423858
100001546271969
100001546962870
100001548948909
100001551228686
100001553633785
100001565276209
100001569418386
100001569746898
100001570699628
100001579849263
100001581939199
100001583315757
100001585853727
100001587472160
100001596663355
100001609339667
100001613402267
100001617151389
100001621200507
100001623765383
100001624593142
100001636242438
100001638248812
100001646156894
100001647128591
100001652177511
100001657197692
100001658196021
100001665503067
100001666015466
100001671447759
100001676916352
100001680318980
100001681068825
100001684715309
100001692755421
100001697092876
100001709947941
100001713044649
100001723702299
100001724486668
100001738225988
100001739329405
100001744678986
100001745711057
100001751913235
100001754104104
100001761090722
100001763942108
100001766618526
100001770308739
100001774661585
100001776413894
100001786071961
100001792368934
100001796856666
100001806424312
100001808789101
100001813310586
100001817020965
100001822463854
100001827149081
100001828478890
100001835155979
100001835188524
100001841264876
100001850915243
100001861290602
100001874112061
100001874154932
100001876648278
100001890966428
100001892757655
100001898666294
100001917441061
100001919890439
100001922184396
100001924030224
100001926719118
100001928726150
100001933224690
100001935110791
100001935612377
100001935822619
100001946223196
100001948854944
100001949606257
100001953356879
100001960521853
100001963220000
100001963913554
100001965441732
100001968463759
100001974204151
100001976238341
100001976767085
100001977260049
100001979614834
100001983597782
100001987011818
100001995445745
100001995764821
100001997418319
100001998900536
100002003827342
100002007471904
100002008798707
100002008878400
100002011767006
100002015237240
100002025187339
100002027908995
100002029206250
100002029988208
100002031077089
100002032004416
100002032970715
100002034347347
100002034676207
100002035670389
100002035921788
100002036185142
100002038522704
100002040593652
100002042660414
100002043987294
100002045169045
100002048933246
100002051232896
100002053248153
100002053443616
100002056932815
100002059057603
100002059226969
100002060362096
100002061613758
100002063164789
100002067799887
100002068799030
100002068844965
100002070213918
100002073074762
100002076260133
100002078152586
100002087495338
100002090436478
100002092284447
100002092545053
100002092930212
100002101371433
100002102179736
100002102557111
100002103404896
100002103461723
100002111781636
100002112381736
100002117614966
100002120694290
100002121403461
100002121596001
100002122113273
100002128481842
100002129364264
100002132376118
100002142308897
100002144494426
100002146037143
100002149444174
100002151445431
100002154402260
100002155147609
100002157955255
100002168626476
100002168659811
100002168814144
100002173054521
100002179352592
100002183778240
100002186652506
100002187524206
100002187905760
100002188280745
100002190114151
100002191846432
100002194884246
100002198896158
100002201000779
100002208241533
100002210275324
100002211782762
100002214415846
100002220699716
100002226432210
100002228778623
100002229463865
100002230471540
100002231376193
100002235128164
100002235667140
100002239882619
100002243569137
100002243658270
100002243672863
100002247964072
100002252756144
100002260446027
100002261324904
100002262143642
100002275149240
100002283797141
100002285332866
100002291344973
100002291585858
100002292615580
100002294912651
100002298596037
100002302910770
100002303302340
100002305704609
100002309605656
100002323069814
100002326930942
100002327197101
100002334843625
100002336772920
100002340444443
100002342211214
100002343585913
100002345338140
100002354602171
100002358117782
100002362755755
100002371042240
100002371329295
100002375035690
100002375266755
100002376414911
100002376858952
100002378332474
100002380570897
100002383297141
100002386522226
100002389934495
100002390959869
100002395453286
100002398525698
100002401705396
100002405689360
100002406188251
100002408409960
100002413908765
100002415716710
100002417680562
100002420804545
100002423816487
100002426335832
100002430257800
100002432049766
100002436956402
100002437359499
100002437707559
100002442293228
100002443997491
100002444545921
100002445159540
100002447308079
100002450776821
100002455036645
100002457762437
100002458466002
100002458797631
100002461185768
100002462096309
100002467723007
100002468368418
100002472199967
100002473525362
100002476025182
100002477712946
100002478350047
100002478717302
100002479934762
100002480319145
100002483814036
100002489463316
100002489748910
100002490952717
100002492130986
100002493135111
100002494099310
100002494334385
100002494770351
100002494817992
100002495547225
100002496483891
100002499074417
100002499617748
100002499652713
100002499869262
100002506127714
100002506216847
100002507409238
100002512966933
100002515651588
100002516673888
100002517268411
100002520388382
100002521743369
100002521852807
100002526633852
100002526997717
100002527661933
100002532723250
100002534241538
100002534355988
100002536007181
100002539084600
100002539279204
100002540261393
100002546027663
100002550868177
100002561837677
100002562883184
100002567668243
100002570278277
100002570578275
100002571927607
100002574728908
100002576293703
100002582105145
100002583475953
100002586477763
100002586586682
100002588419682
100002590013659
100002590048100
100002590736128
100002590853187
100002591284718
100002592881506
100002594113647
100002596582969
100002596622391
100002596973082
100002598214833
100002599433153
100002599570864
100002599702862
100002601242641
100002601272494
100002602052289
100002605481518
100002605670083
100002606580290
100002615079649
100002616306665
100002617438618
100002618860329
100002622074643
100002634208474
100002638759980
100002641590054
100002643901599
100002647173122
100002647574900
100002654716383
100002655076560
100002656401844
100002657118709
100002657523155
100002659630627
100002660234490
100002661076713
100002667556279
100002671465819
100002675285909
100002676122717
100002676775845
100002681771679
100002685655824
100002686048774
100002688494003
100002689762085
100002695236395
100002696449924
100002703025454
100002705182963
100002716237751
100002720543518
100002722654349
100002725252853
100002729188955
100002734843495
100002736373989
100002737261373
100002738601352
100002741128961
100002742683118
100002743836132
100002745921193
100002752940849
100002761389758
100002762319763
100002763663708
100002772006055
100002775209153
100002791015307
100002793710404
100002803627167
100002810436797
100002820437989
100002828860520
100002829883550
100002835392706
100002837022659
100002838484064
100002843549004
100002854069523
100002854275325
100002857262466
100002861166134
100002862657833
100002866163262
100002868538763
100002870466153
100002871818010
100002873697949
100002877204948
100002878412257
100002884706328
100002885267859
100002887896130
100002888461871
100002888806805
100002889579098
100002891098254
100002898986284
100002900466836
100002901365084
100002904311705
100002906239431
100002909157985
100002911646394
100002912721629
100002913254967
100002914062242
100002916465039
100002917415603
100002919751677
100002921495432
100002927550041
100002929937533
100002929986050
100002932519836
100002932665353
100002934546008
100002936352720
100002936610102
100002937559720
100002938759360
100002940625876
100002942396892
100002945902161
100002964210939
100002965339783
100002965572051
100002967440210
100002968422169
100002970491281
100002976179185
100002981261934
100002981833748
100002984744394
100002985663738
100002988189055
100002988636392
100002991797037
100002996250129
100003003783476
100003011446779
100003017463109
100003023779195
100003025009423
100003025235957
100003025642388
100003025843753
100003026469771
100003032026019
100003032656792
100003038961774
100003039173320
100003053744896
100003054478013
100003055784406
100003055930537
100003059895710
100003086577080
100003086677086
100003089587008
100003093070993
100003099112713
100003104907615
100003105401593
100003107643386
100003110858969
100003111463446
100003120493059
100003124053002
100003124892099
100003128731850
100003130343542
100003132588595
100003134856866
100003136175738
100003147467807
100003148681848
100003149618340
100003159270643
100003160534044
100003163758595
100003177229684
100003182758527
100003182991490
100003184907782
100003190028450
100003193686763
100003195978306
100003196761027
100003197600187
100003198145822
100003199420164
100003210306706
100003210834292
100003211816845
100003213462631
100003217007178
100003217525358
100003219353139
100003219577745
100003222651148
100003228279795
100003234468192
100003237581588
100003238809654
100003241295898
100003246052199
100003248222773
100003254188808
100003255221156
100003256253515
100003261263144
100003267815969
100003269977173
100003270324872
100003273369051
100003276456434
100003279694134
100003280472463
100003286652849
100003290987716
100003291998544
100003299724471
100003305760967
100003306918390
100003310146225
100003315624068
100003315755543
100003315937449
100003323612932
100003328512632
100003328840343
100003329982518
100003330576106
100003331272334
100003332610680
100003336597410
100003345002325
100003346670021
100003347538076
100003348640247
100003350757767
100003353897268
100003355937004
100003357925251
100003365171476
100003365605599
100003368586061
100003372134891
100003376298289
100003380515095
100003389557234
100003397121122
100003399593132
100003424462528
100003427916793
100003456538577
100003464261757
100003473368392
100003489127806
100003491864022
100003493669845
100003495857577
100003513197874
100003514474492
100003515711799
100003523332654
100003524689500
100003530400131
100003531714287
100003536625259
100003543547713
100003546206854
100003548544013
100003548807003
100003549271750
100003561712964
100003564164778
100003586903203
100003601984030
100003603452938
100003605698276
100003613507585
100003616564456
100003618271131
100003618558790
100003626950655
100003628706234
100003631286115
100003632078526
100003641846370
100003641902674
100003651686185
100003654723551
100003660435365
100003660623126
100003666070961
100003677153319
100003680193557
100003696790367
100003698438744
100003698919094
100003706652432
100003707808717
100003708380152
100003710186050
100003713948678
100003714734760
100003718305934
100003718860178
100003724428897
100003734776948
100003750474568
100003754254520
100003762791050
100003772105448
100003773994688
100003776767813
100003779088555
100003779785471
100003783612693
100003792148475
100003792947583
100003793934992
100003794955986
100003795750338
100003805020614
100003807278763
100003809577072
100003819403703
100003819564306
100003824029677
100003824888518
100003827080873
100003830945764
100003833009126
100003839019031
100003839872537
100003841396267
100003843003037
100003844850312
100003849963303
100003863174842
100003867924159
100003868232585
100003876897795
100003877382448
100003881061213
100003887339011
100003892668944
100003894193359
100003898858651
100003900706502
100003901070134
100003901524158
100003901670045
100003904585059
100003908131353
100003909883758
100003919230269
100003932848212
100003933244399
100003941188612
100003942014254
100003944570753
100003944578289
100003946056577
100003948592900
100003950968654
100003955261595
100003958460784
100003959440548
100003960157127
100003960738594
100003967695099
100003983010941
100003996193662
100003997135762
100004001162547
100004003996579
100004006190894
100004006807178
100004007362896
100004007698236
100004009030047
100004009279307
100004012654529
100004014203898
100004014696970
100004024749228
100004026776493
100004027603569
100004029258107
100004035562546
100004038159100
100004040786439
100004042908288
100004053095681
100004053456295
100004054876464
100004054923285
100004056061095
100004057904175
100004058385450
100004059243813
100004063173148
100004065614157
100004066292469
100004066810102
100004069182991
100004069627697
100004072040178
100004072668565
100004073010137
100004075508696
100004076042414
100004077033118
100004078536727
100004078906207
100004082316285
100004084010234
100004087930412
100004088801518
100004095940456
100004096058800
100004096505905
100004097150102
100004098731930
100004101093168
100004101281149
100004103227769
100004104369740
100004105246266
100004105386268
100004106682543
100004107247760
100004107314086
100004107543216
100004109825267
100004112102716
100004112834643
100004115119348
100004118834638
100004123120429
100004123950028
100004126208092
100004126685478
100004129775336
100004135717168
100004135878645
100004136897097
100004136955706
100004137210490
100004138218740
100004142140427
100004146752836
100004154040535
100004160535613
100004161016501
100004168592577
100004170065877
100004181290000
100004185278114
100004186831727
100004192248798
100004192534220
100004193104156
100004194251084
100004200338203
100004202053522
100004202317070
100004213209608
100004216741827
100004221555840
100004244377218
100004246155521
100004247597908
100004248937464
100004250435681
100004254828075
100004257430441
100004261265955
100004264508588
100004264953955
100004267333485
100004269524127
100004269848602
100004284576579
100004289799087
100004293997438
100004297326945
100004298385604
100004307466754
100004311214848
100004320736016
100004328827665
100004333698635
100004335938569
100004338362476
100004343041175
100004345327614
100004346979551
100004349431893
100004349884689
100004366608037
100004377035776
100004379016617
100004387500291
100004389588559
100004393457587
100004394310532
100004395185279
100004396005241
100004400142737
100004401007536
100004403943943
100004405456692
100004408030046
100004437912531
100004438122363
100004439347951
100004441030695
100004443847871
100004450477397
100004451326105
100004452031108
100004453565058
100004459305532
100004461723918
100004463019540
100004470842070
100004474696496
100004477080249
100004481407426
100004483389131
100004485377028
100004488435822
100004488764578
100004490476460
100004494373672
100004502143138
100004502611323
100004514771992
100004521522304
100004530540064
100004544499016
100004550593262
100004552242054
100004556116708
100004560964327
100004569426122
100004571232085
100004573963063
100004583504136
100004592533589
100004594596498
100004594964991
100004595671740
100004602525611
100004606963319
100004608971820
100004610555903
100004613880085
100004620309465
100004630092776
100004632914221
100004633026040
100004633057178
100004639448001
100004639659187
100004640047800
100004649564546
100004653525881
100004654088898
100004659009873
100004663085318
100004663929730
100004664088447
100004666629671
100004670402684
100004685192491
100004685442386
100004694554212
100004695910687
100004697746358
100004705538157
100004707586504
100004712611058
100004716696421
100004718503012
100004720230209
100004720688544
100004728258953
100004732690194
100004737967768
100004738660395
100004739795895
100004742732235
100004744418536
100004746399103
100004749008134
100004752285983
100004752792217
100004754259705
100004762991715
100004765907784
100004765960570
100004771566802
100004782123113
100004785307171
100004787411156
100004794134997
100004795441466
100004804029089
100004817266623
100004821279831
100004827699686
100004833856450
100004837052928
100004839467082
100004839677571
100004841311924
100004843334189
100004846963950
100004851163260
100004858245055
100004864092623
100004870080166
100004870817878
100004874072150
100004883284898
100004889044994
100004890245213
100004895714728
100004896736119
100004899036715
100004900574966
100004905678111
100004906904426
100004907827762
100004911342918
100004914364358
100004914930202
100004919737063
100004921240315
100004921633149
100004924308256
100004926946991
100004928171281
100004935284161
100004941841337
100004942561441
100004944192175
100004947121095
100004950852665
100004951454498
100004953004135
100004953573285
100004957418582
100004963119838
100004969081424
100004970349709
100004970678586
100004989254263
100004991029061
100004996801910
100005007729016
100005008710671
100005011567582
100005014235180
100005014843238
100005015467376
100005020573800
100005028641798
100005030620760
100005036627032
100005037767214
100005043757071
100005044575512
100005045262974
100005046911235
100005047930161
100005048342035
100005055098367
100005060198464
100005060558944
100005062503843
100005071689692
100005072649522
100005075085369
100005077983497
100005080925894
100005083365761
100005083541368
100005083663909
100005085090295
100005093163497
100005108866147
100005113622247
100005114708567
100005120370276
100005122456052
100005125657838
100005136220142
100005139191071
100005141142092
100005147160314
100005156027161
100005157065475
100005170001977
100005170485226
100005170804271
100005171586729
100005180745947
100005181343646
100005182082981
100005183926848
100005194506799
100005213837716
100005221232479
100005230486106
100005237618957
100005248891154
100005250766998
100005252346001
100005256062924
100005256181612
100005257399052
100005264552118
100005282520042
100005308981062
100005318412377
100005318554120
100005322641693
100005345113352
100005347921563
100005375471828
100005380023259
100005382632525
100005383305483
100005383602499
100005403855315
100005416096564
100005432733444
100005433034799
100005450406237
100005458414637
100005473386216
100005475974847
100005485090256
100005489143984
100005492285184
100005505404809
100005507371701
100005514280147
100005514465726
100005518231605
100005523693780
100005525164970
100005526813096
100005540259336
100005551278616
100005559521686
100005561404256
100005573650812
100005591074117
100005595966894
100005608806736
100005623785744
100005635094689
100005635154755
100005638206432
100005650334088
100005658303012
100005669161189
100005677839709
100005694812807
100005695099117
100005700193477
100005707938699
100005709370519
100005720139644
100005726714789
100005731267552
100005733131336
100005734938236
100005738888321
100005739793457
100005741980304
100005749327848
100005757074313
100005765884602
100005774018104
100005785293235
100005785689065
100005788112258
100005792351475
100005804018053
100005805791746
100005813052827
100005813372815
100005815837898
100005816949293
100005820396415
100005822280532
100005822918988
100005823551748
100005832548880
100005836023545
100005838517716
100005843914653
100005856940198
100005860625079
100005862367243
100005865993619
100005873594145
100005874663452
100005875411060
100005879670053
100005884593377
100005885167512
100005892960963
100005900971234
100005903744313
100005916557523
100005917875883
